Final loss:
7.814176842005444e-05

Original 8x8 identity matrix:
[[1 0 0 0 0 0 0 0]
 [0 1 0 0 0 0 0 0]
 [0 0 1 0 0 0 0 0]
 [0 0 0 1 0 0 0 0]
 [0 0 0 0 1 0 0 0]
 [0 0 0 0 0 1 0 0]
 [0 0 0 0 0 0 1 0]
 [0 0 0 0 0 0 0 1]]

Encoded 8x3 hidden-layer matrix:
[[0.9934 0.0038 0.931 ]
 [0.0461 0.0097 0.9917]
 [0.9791 0.9834 0.0044]
 [0.0031 0.006  0.0675]
 [0.0032 0.9849 0.9752]
 [0.0123 0.9316 0.0063]
 [0.8483 0.0081 0.004 ]
 [0.9955 0.9963 0.9962]]

Decoded 8x8 output matrix:
[[0.9917 0.0043 0.     0.     0.     0.     0.0038 0.0076]
 [0.0057 0.9931 0.     0.0048 0.0065 0.     0.     0.    ]
 [0.     0.     0.9919 0.     0.     0.0041 0.0042 0.0073]
 [0.     0.0045 0.     0.9919 0.     0.0056 0.0062 0.    ]
 [0.     0.004  0.     0.     0.9915 0.0038 0.     0.0076]
 [0.     0.     0.0059 0.0042 0.0066 0.9927 0.     0.    ]
 [0.0066 0.     0.0061 0.0041 0.     0.     0.9922 0.    ]
 [0.004  0.     0.004  0.     0.0036 0.     0.     0.9888]]

Decoded 8x8 binary matrix with threshold 0.5:
[[1 0 0 0 0 0 0 0]
 [0 1 0 0 0 0 0 0]
 [0 0 1 0 0 0 0 0]
 [0 0 0 1 0 0 0 0]
 [0 0 0 0 1 0 0 0]
 [0 0 0 0 0 1 0 0]
 [0 0 0 0 0 0 1 0]
 [0 0 0 0 0 0 0 1]]

Loss image path:
c:\Users\HuYiZhou\Desktop\BrainAndCognitiveScience\part1 vibecoding\loss_curve.png
